139  57   8   130  23
125  60   5   110  22
139  77   3   161  23
111  77   2   170  21
98   73   7   40   35
133  116  1   190  23
137  60   1   90   18
152  86   14  220  22
138  76   6   118  24
159  93   3   105  22
122  73   4   135  24
139  96   12  163  21
137  55   15  215  42
128  73   8   173  26
147  98   6   198  25
121  70   15  198  23
114  83   16  210  43
140  86   2   205  18
117  120  1   175  25
136  80   5   181  24
139  81   14  154  23
123  74   9   140  17
132  90   7   210  27
133  66   11  143  23
104  90   8   215  23
128  80   10  172  24
91   68   2   195  56
110  70   5   145  20
151  83   18  154  22
82   83   1   200  52
95   84   2   165  18
88   80   2   190  60
121  81   4   185  30
91   82   3   205  57
93   79   3   140  35